2e-05 2739.343577
4e-05 4515.232923
6e-05 7971.894401
8e-05 9451.954318
0.0001 13235.59004
0.00012 14511.83275
0.00014 18014.57166
0.00016 19710.25661
0.00018 22954.16927
0.0002 24915.62599
0.00022 27718.12304
0.00024 30088.8973
0.00026 32711.61793
0.00028 35177.23713
0.0003 37622.82741
0.00032 40227.12563
0.00034 42695.76145
0.00036 45245.53675
0.00038 47662.07264
0.0004 50268.48691
0.00042 52736.85339
0.00044 55269.20536
0.00046 57726.18754
0.00048 60280.80887
0.0005 62788.75331
0.00052 65284.74709
0.00054 67775.08167
0.00056 70302.14098
0.00058 72819.11206
0.0006 75307.23265
0.00062 77807.15999
0.00064 80321.99237
0.00066 82838.65957
0.00068 85326.62666
0.0007 87825.6147
0.00072 90338.17492
0.00074 92847.44042
0.00076 95338.26478
0.00078 97835.13203
0.0008 100343.7403
0.00082 102848.3594
0.00084 105339.5528
0.00086 107834.0634
0.00088 110339.1213
0.0009 112839.1547
0.00092 115329.417
0.00094 117822.1439
0.00096 120322.463
0.00098 122818.8468
0.001 125307.2556
0.00102 127797.4737
0.00104 130293.4673
0.00106 132785.9011
0.00108 135271.8852
0.0011 137759.3439
0.00112 140250.766
0.00114 142739.2124
0.00116 145222.3801
0.00118 147706.4661
0.0012 150193.415
0.00122 152677.6463
0.00124 155157.5148
0.00126 157637.9368
0.00128 160120.2222
0.0013 162600.0657
0.00132 165076.2646
0.00134 167552.6103
0.00136 170030.1179
0.00138 172505.3666
0.0014 174977.48
0.00142 177449.4537
0.00144 179921.9845
0.00146 182392.4089
0.00148 184860.094
0.0015 187327.358
0.00152 189794.7204
0.00154 192260.0867
0.00156 194722.9866
0.00158 197185.2439
0.0016 199647.2187
0.00162 202107.2721
0.00164 204565.0646
0.00166 207022.0092
0.00168 209478.3673
0.0017 211932.854
0.00172 214385.2147
0.00174 216836.5547
0.00176 219287.0558
0.00178 221735.7097
0.0018 224182.33
0.00182 226627.773
0.00184 229072.167
0.00186 231514.7215
0.00188 233955.2947
0.0019 236394.5526
0.00192 238832.5832
0.00194 241268.7653
0.00196 243702.9914
0.00198 246135.7768
0.002 248567.1809
0.00202 250996.7158
0.00204 253424.2972
0.00206 255850.3233
0.00208 258274.8334
0.0021 260697.4425
0.00212 263118.084
0.00214 265537.0643
0.00216 267954.4078
0.00218 270369.8108
0.0022 272783.2183
0.00222 275194.8655
0.00224 277604.7663
0.00226 280012.6797
0.00228 282418.5598
0.0023 284822.5856
0.00232 287224.7637
0.00234 289624.9019
0.00236 292022.9608
0.00238 294419.0758
0.0024 296813.2476
0.00242 299205.3226
0.00244 301595.2656
0.00246 303983.1782
0.00248 306369.057
0.0025 308752.7779
0.00252 311134.3092
0.00254 313513.7257
0.00256 315891.021
0.00258 318266.0941
0.0026 320638.9158
0.00262 323009.54
0.00264 325377.9578
0.00266 327744.0863
0.00268 330107.898
0.0027 332469.4305
0.00272 334828.6731
0.00274 337185.5566
0.00276 339540.0548
0.00278 341892.1929
0.0028 344241.9581
0.00282 346589.2924
0.00284 348934.1703
0.00286 351276.607
0.00288 353616.5883
0.0029 355954.0646
0.00292 358289.0111
0.00294 360621.4349
0.00296 362951.3207
0.00298 365278.6253
0.003 367603.3243
0.00302 369925.4184
0.00304 372244.8914
0.00306 374561.7049
0.00308 376875.8346
0.0031 379187.2763
0.00312 381496.0129
0.00314 383802.0093
0.00316 386105.2416
0.00318 388405.7013
0.0032 390703.3704
0.00322 392998.2165
0.00324 395290.2157
0.00326 397579.356
0.00328 399865.6184
0.0033 402148.9725
